$ANSIBLE_VAULT;1.1;AES256
38323538666363363763356337386363663363316330363136343565353133333464623738663031
3530396533393965306132343330386137656130316161390a653433323337343939663663306134
38653130333730363166316339373430316362633964636131646561376336613836643435386334
3738393762333835660a323761396163636639653338386365656139383937393066383339373461
36396331303236306566313435633631363862643365656434656633363436343034653062613666
61623364663363656435313438373461636338643530663534643162343238366639646166303264
38343834346532643465626631323138383037313861343061383166666461346564643265366330
63626437326663366535623338353866353766336166636138333763303635383732643134353961
63343864356633333865373535633638316335363263646332616430383363653636366235356534
61383763363130666464383232333037623138363137353061386638636633386335343561303364
31633064366137333134303534303965633638373035663932643965373834373466363434376537
30666661326366373437326264653731353639643462306139663832363064386264373063376564
35666163346536633736633965643334616232636266333532326661306535363062306530383438
30623531623334306432366265326336396330346432396664323531386562353261336135306130
32666137616232663834306662393739316334616531653532633761306162366136396463366539
33666264666436363934396262303964333032383739613564313536646563366364636538303238
64643232626332353636343231653533663965346562636130363130343063613734303163633337
33656335333931653332643262383636653635343631396263616661333033356161353763393633
66303037306465356637386439393939353161643232633932386131396361393064343535323962
32303465343364316535373936633432636537656432656132653534303465376664373865633033
36313462633737323736313437646237633334666438343734303038616236393331616631363936
38656532303539393030663362613730373838653665646663303665393738653764386634613739
36613234383439313363336365363232336537316566613432636133333533626430336238306437
62656639653234366465393931613736343530366566363237646630356262656332393463646532
35393730626365393163663834623934333432353236646236303532303536393535636331346533
39363138363034386236353230366161353435663936613537626138323035303633393436356437
35353364346364653334353235396231353730303263323730323865393666386131613831393030
31323464646233623639356364646432623833303364646632336266396664393433333136356163
62613161656531336563313835356461326366633837343231393266653932626337393464653639
64663165353735373337376364323563323730373766393563313137373437303539643036623331
37353130366332363935323739323131386633303933623731383165623866316366636362666334
38353165336130303739363734633461333833323734613963646563623961356332343066303132
31363730663462343962353438353962323164303031366334343830626537653165346361643666
63633765323733616465663032396532383231626437333938353839616435643763373663623035
37346430616666626237636330616333363665336237663538323765666564353465393535373532
33643833366165613262623931336632346466313730633565363939316363306634633737613530
36346531373463333330373766373836613762356634396435323931343835326564313036653362
66343031323462376632616332623131383264303939323761393638633639613030333665653266
64656634343237613464346536653730346336343766613631306264663932386361633631306339
62626662313437623565393665376461306130626431363063343037323465313632343364643263
63373933383235393562643630396632363066373233373436666230356163393137303864353362
39393433326465303732343365376238306266303538333664363466323832363866636336636262
62313965663032313532623962613330353738636665343461663339326665386639616161333731
65623164646163633936663034643530333831626132666238303463316631393832306235666566
37663930653063666163383965303235656636306161666461306666613230383331383435626566
31386661333233366238333062383735373462613738383035646466343431356239333963623630
64356539396364306234313538643139646130393638643335343662616434383233666561386139
36646335633565636263383130373032653064383638353963613830303237633437383932383339
38393964653939393330323639616165326233343930666530646261323561363039303734636136
36373234663333633032393634316364636330313538393837366430613831313137313638316535
35316461663833366634613239643863313836303565333932313538373731313565343634333639
32636436633363333539323362373832613032656264363432353534366265383063306433656262
31613631646165396666353038336163313964323462383238613131393361353235646537626164
64323136643064373361326364646632303038373964313332303234346364656236623536633263
34613732383637373738353866623238396262326265386136313232373132316435366462633031
61396232373233356362373766386162636664386537353634653963343462626233383235336239
61613466366636646539376532313038366536633039663965356337653432363239346437663563
34363364383366326466326139356236376633363134386636343138626430303561643637323032
63616433653261373134626233373330353966373033396335316432663737613161303365613665
34386265313264343361666433343036363432363635393963343039363037363037313962306536
61666631623963313566353566653131353232653061613364366136613934643037633364616135
66373665363664656638316535633563373865616332613861623738643066343264336235336430
65646463383066336462396333393636386232666566646635663639663963646136663030383637
32386532363264353061653663396237663862616537346234656533386332323631306632666438
36393765653861623064623566343134656434376532393730323332313933613264623934643962
33396262326363663662363933316563333330653036613031393561366363393630353863313734
37663566646435336430613234393166366436373034396161386264326634643362343436303033
31373863356430623231333935636433653163383663353734666361396366653636663931383032
31653237653462373732343034633933386430643734316130313163333865626531333635633531
32356430383737396534613030643431323564386532343666653762333133343430653465613666
38623139313838643132363737363735333437663261383637626366353038363365633464333939
65626536306461323132376131376633613339393434303166386338623361666438663937663134
34303338653566633366633031363830383834646137336263303764656663653032633833353136
39356531306332383836613834633438333232376463663731356333633431326461373035656566
65663837383736386465626234396337646235356635373737323463346130343864346633346562
36346532633738346561306231653963646435633632346536386135663830316263333331306138
66383364633366356561336532303035653731373961383738303437386339373738386365326131
63633439333461336131653331656430333466323566373638623239663434383034353765643238
30346533333632363466343532383736643465396537306165326534653431383764626434393839
34313530346531613531613933393038356532366565323336636338633763666466616334343463
37656664383362326262373630373838336432633735353262373661613266646639393865663264
65373939366166613766306262373333316135333561333035313330393764626434373633633361
65636536306132366164383166613734356164636238373138633466623065653364353736343863
37306165396333326233366366653165373864316336373636383533383664636131636231383531
39623361366533383561633236313634306530303832333333643639626139653066303764366161
30383434613430646433336130613062663565326166336466663138323139373637396530646234
33623436626238623037656466623539306132366364373335646164313834333032663237343162
64333233373765396231613034383465393333306665323366353064306538646430313432613866
61376561656162633034393131303430353033383739663965613563363530313438636130343738
66373435643836623238373635616237626536366361373434666532306131663738616534343131
63353539353132333130333534333537383936643937626161396332666463373933663561323137
32363661653533666461353833383762326238333832616231393639343131393534316431353362
38613237306434343763396562336263383232653537373832393662386234306164373766636166
33386639303361323930366165326136316330313736663963636438396537616161363266366439
31656339383364623561353362353663623333346664356166383462346534346636353130656638
36343530336561386439646432343566653563633965363531626462393761316434363632363166
38346432643930363138376463326633613933353034666662306261626139633732646338636465
35306463366262393230373033346366643736383633333037663261663063303961326131623933
38346263376264663433326530336465303763383534353965393564633530653066343137633863
65646565653666323539343462333535663038306664303739323238326563633635386537353763
66616565326261363063356664386137373639373064353464663665316330643234336534333034
61366136636161373034333863373163306261613663626632343733666635326235656135316266
30346365356230363038326238616662393031323433613434666565373331616334346431613136
64383637623363373334326137363334623738383263393033623961383538343334306538363033
64626137646639393738643765396534316335383732616630363238373330353865333362656235
35383266653837313332656332316363356163376536323166623135353932336633303131616266
36656538336164633935376435383738326666663565383566383432343063653264633361393931
63396662613061353666313937636239336639373661613539376162373630366639363836663239
35666139616561643363396562636238333830616462313936656134363965666431333335393939
36343937316438626131636564383535333761303763623932323338323331306262356265633731
31383233376538303735303431626161353762336431306238383338633363333035383634653065
35363836393137343234346632643237363663646561323234386263656564633739613030626538
65656166343337366336393532393733656161373763613330656261313839376132616531633733
61393731363038646165643832333763386339626436656339393032373233333866613930343636
38636339363538333131363963656536653139356666623932343564633735636236646630323536
39323162363465353363313362303531333436306532363066623734333839343962346433323936
36303662663662656161346432633230353666313938633065356138313735383438363633633330
33383464343465336664336563366634626337663732353765656532613933623639386364363762
32373066653665313836316161363738656230366635316133313535643864393134313736303134
36656539653565353762326131333732633033316136623239333739363263636533613337346335
63646137623563636139326563623830373564386562303539396136356636636230343338323830
38326532613439363431353734376465643363376337623435643038323666366430373230623732
34313863643535653735646439643838613232663035616331333564613030663733613662666261
38613530613130623138666564643663646266643732303030623565343063383636333664613730
39616263663231623162373066656561383032643164366364613938373336343939306462643364
32663131376133323039326338643832383232653432653430656633323434623964336339626437
30363837616234313733353936653139393663653336326135346564643934393735363531326236
61363064376535633862643261303739633965613961356537373662333562313965363065653363
34636334396264303137393863663863386461323261616338336437393337613035366564643132
30633463306631323063376438623464363136376232396266383238356566316336306266383337
62636130383734613061393265396163643238363862336635656635396333353765343166373439
38306366313739646233386337333130633366656563343735323538313533363730353039343434
39303162633536366434313561643066643735313633383266306166313863653139626438363332
33653933373662643834663335393966393534346461393766373531326463373863363662343961
35333931353938386139376439663233663965393833326464366264333035653265343161356431
30636238343266653863363135316464356231363163333436313236626662353761373037653935
38643538653262393537633637616664376266626537313332303539303734623462336532613266
38353638613264326638396563356130346330313866653562646234626637343636386430363532
32383836613962373331376339333362373937343734386436383134326434343433616666663531
62343634636339343235363036373638333935386137653563623063646137623161376462316462
32373866613761643566656533393235356636346338346532633666383234383263346536323431
39336235343064643132633330666630613737626632313430336332313635646331383163383765
30663861336164363862353739306462633462373939326138303539333163333133356538643232
65313434663934333665373330656166333435626232363436616239616466646631663264353032
62633463303638616636343066333730663462653334316233396237656233323630373466616536
33626366323635306232666364336435653039396266356332663763376539633262663137396164
38306536326231366161343961393338333164326136626263396530633166653136653561383138
37613130666330353132653766393033316363363761333965613664623831616232643335313732
64353464326166376430303137633263316434346239613036643566313432393332336466303737
39323962643364663461656365373061613363313732383364663234303534313432313561383838
39623738333462333132633964313736306534616533303735653962346566336538636334633331
36623236303530393138643431623063653637643738346164343535326530353738636163343430
63333737353462643432353136613938333637346364336561613231306365653566366366396336
64373931633561396133653434353130376231613234393937646236323132333461616439343262
34303763636663343934386131363263353561633964303234383236353864393836393938383734
31383430633933666266336461333738336236636136633836303434663339303063383733623031
61323336636461666465653234653234653164376666383665663537396435653636353365666234
34396435656162333331313864306266643935666531313736663833663265383439336634386262
34336535323332326230633839353035323764656538343666313663323761643066633736633030
32626134343135323864306233653239366535353436363462393636366131313563643337326337
31653232653166653330396330613635363463653138326262623563633862363465646639386161
62366335383735343365643939346134646562313664653464626162366335303361333633353738
65333966656139386138616238626432356163353333393634663533346334643161616633343261
65396630323465613732386434386132376331353165643535663362383737643166656262666638
39313565646637653232306534613638323736313739343261383231343861376166356439616233
36623062353335393439383961396161343564313034373032333337386162316339643361326136
64366161313133383161346234373663643964383034663930306539396165623031336663316336
30646662636535636661633634636636623464663363353133316630613237306236343061663338
35633562656636306132653934666637316138353538383031636438356637363434346231363038
30346261393833316166393634393062333738613334383933373664323039366637386265633464
64663133616236666335373263656265306333386264396530613539366666363436353066343638
66663730313430323432343935333765643732376664663638643537386334376430353634306162
65316538323136623432363937336466333061343461636634316134643763396630373632356365
63303564343630376634336633663138616431346362346639313862626138306461653837653335
65613033323735623536316261643734646533623961623733323966353037623966653631316634
65373531376237383961316362316232613366646562653930336439356666633433313338373463
37376539333262376565316633663433633338613937363037363465363563653632643863633030
61313261353931396437303831343838333862643464366131306239396661633736316333376463
34366265376161626164396461316239346335333739313332343334653130363339643133356335
61333263633136383030623936336531656332313336646137616165666162306535333066336239
63383738366432623164346532653562396336333836333531306234623935636130663833326533
66663531626631383766366537623265376336363533353866643537343463396537653136323861
32623063343533643866643735643038396236653762663334343036356332386530643862343838
62613361323430623464353131356333346666333637316332336232323030656564643837313433
33623335313737626532353861376162646537373939373064656233383936653431636563373231
38356132633834343966313134353535363831363066366336306133306535356563363561393630
39646166343632346265376334626631313165346435386463393166376336366637306434393865
31623464636664666661366335663433323165356264623935663462353632356664383661636666
62653062656235346433363265646138393864346436613363316266356565633962633030343436
39326363376666653135393736303836333230303337376365363339383465313761366132363532
63333863383966346262626536373734323532383036623434363064653933373730623862636234
30633831386662386334353530666266343832653838316633323533303532646635306234386135
63386635396630363737383334613861313636306665663533616638393866333561353863383563
63313665373438383034666435353166666532376632646564346166353762353661643566663236
36326630313237656637316137623436306465343938313565343364353930303566623664343135
61663837616635366234303332376336343761303737333464316466666331653433306663656363
30636363353764633232666437643966303063623239653933653532623263373938656336383630
32643665363365383932303235333537653433336130613930663938666136323665316261633534
65363031366535386534356439396434663531376532663266663565316461643134636630346663
30313264653439323866633663623932633066383862326630653636333665363838343566313136
66386339613966303937326439353163636136646231666138316133333034666333616632386161
36633164323463316134313330333837366466316233356533663731623238613637343139396465
36623136666564383835323139376238343836373137616564376439643363353539653134313730
35393130353837343636396337366432613334336630373962326435626332666362323236326636
33623633653530646532643765636534356236663165333932336437646636373236653834303831
33366431346135313336666665656338633639336262313031626464333532646664666130356132
63393836313233666136346433376365656334333631303761383765336530323266346432396130
62646362643833303739666434613936666664343239383965663165653236643838623932633633
62366462623965386235633630303631663466376331643833303663653166316339323436313032
61343839656162643638333232386132646664646235663031396638616530633138373432643064
30383835623831306133303235656134333761613033366263613466326663323633306661373964
35366565313738323661303537383664303336326265366233336635386263643432386564373235
35313539626436353734653233663266616531646230613730636135633263636338656331396235
30373934356662623366356635363333323634353336643037383636363230366231366264623362
326561333638363837346164666437346462
